0000000000000000000000000
0000000000000000000000000
0000000000000000000000000
0001110000000000000111000
0001111111111111111111000
0001100000000000000011000
0000101111111111111010000
0000101111111111111010000
0000101120004333311010000
0000101111111111311010000
0000101111111111311010000
0000101133335333311010000
0000101131111111111010000
0000101131111111111010000
0000101133336333311010000
0000101111111111111010000
0000101111111111111010000
0001100000000000000011000
0001111111111111111111000
0001110000000000000111000
0000000000000000000000000
0000000000000000000000000
0000000000000000000000000
