0000000000000000000000000
0000000000000000000000000
0011111111111111111111100
0013333331333333333334100
0013113131311131113111100
0013133131333131333333100
0013131131131131311113100
0013133233331311311113100
0013131111311313333113100
0013333333331333113113100
0013111113111111113113100
0013331333133333333333100
0011131311135111111313100
0014133333331111111313100
0013113111111110811313100
0013333333111170011313100
0011111131111000001313100
0013333331116000043313100
0013111111111111133333100
0013333333333333333333100
0011111111111111113333100
0019000000433333333333100
0011111111111111111111100
0000000000000000000000000
0000000000000000000000000
