0000000000000000000000000
0111111111111111111111110
0123331333333314333333810
0131131311111311311111310
0131333333333333333331310
0131311111311131111131310
0131319333331333333133310
0133313111131311113131110
0111313133333333313133310
0133313331111111333131310
0131113111000101113131310
0131313131010103313131410
0133313331015101313131310
0111311133010101333131310
0141313331010001113131310
0131313131111111333133310
0131313133333433313131310
0133313111131111113131310
0131313333133333333131110
0131311113111111311133410
0131333333333333333331110
0131111311111131111133310
0173333333333334133333610
0111111111111111111111110
0000000000000000000000000
