001111111111111111100
001111111111111111100
001135555533333331100
001111111111111131100
001111111111111131100
001133334333333331100
001131111111711111100
001131111111011111100
001133333333333331100
001111111111111131100
001111111111111101100
001133333333333331100
001131110111111111100
001131116111111111100
001143333333333331100
001111111111111131100
001111111111111131100
001133333333333331100
001131111111111111100
001131111111111111100
001133333333333331100
001111111111111131100
001111111111111131100
001111114002333331100
001111111111111111100
001111111111111111100
