1111111111111111111111111111
1333333333333113333333333331
1311113111113113111113111131
1311113111113113111113111131
1311113111113113111113111131
1333364333333233333334733331
1311113113111111113113111131
1311113113111111113113111131
1333333113333113333113333331
1111113111113113111113111111
1111113111113113111113111111
1111113113333333333113111111
1111113113111001113113111111
1111113113100000013113111111
3333333113100000013333333333
1111113113100000013113111111
1111113113100000013113111111
1111113113111001113113111111
1111113113333353333113111111
1111113113111111113113111111
1333333333333113333333333331
1311113111113113111113111131
1311113111113113111113111131
1333118333333333333339113331
1113113113111111113113113111
1113113113111111113113113111
1333334113333113333114333331
1311111111113113111111111131
1311111111113113111111111131
1333333333333333333333333331
1111111111111111111111111111
